RESULTS:

#################LOW RISK########################
low_risk_1
8399 480 324.8768178710243 1.4774830754177093

low_risk_2
10316 436 360.0481624140432 1.2109491049106225

low_risk_3
5121 332 253.67771663300135 1.3087471946947096

low_risk_3_h
3042 223 195.51700542121802 1.1405657503784552

low_risk_3_s
718 314 94.98765236129319 3.305692815795423

low_risk_4
8851 748 333.50404241582 2.2428513746990135

low_risk_5
4814 315 245.95631347360256 1.2807152439037008

low_risk_6
6533 356 286.52416865529597 1.242478083684058

low_risk_7
2971 302 193.22185977590917 1.5629701543616612

low_risk_8
7180 391 300.3773310539576 1.301696098797028

low_risk_9
3314 243 204.0709489760517 1.1907623364289677

low_risk_10
37174 2087 683.4780619874992 3.0534996162585992

low_risk_11
3217 195 201.06221491467124 0.9698490593210466


#################MEDIUM RISK########################

medium_risk_2
8753 366 331.6525923123259 1.1035644179597675

medium_risk_3
2284 143 169.41543755867215 0.844078922562627

medium_risk_3_h
2319 143 170.70856292142736 0.837684985174523

medium_risk_3_s
3218 217 201.09346244223806 1.079100222178187

medium_risk_4
2733 143 185.3210481543951 0.7716338830593248

medium_risk_5
20864 1202 512.0397997206758 2.3474737718741907

medium_risk_6
7777 577 312.61584135784176 1.8457158072790234

medium_risk_7
31773 1034 631.8791763700035 1.6363887886606512

medium_risk_8
13969 528 418.97449935763785 1.2602198959829716

medium_risk_9
4347 504 233.72208509385527 2.1564072552134292

medium_risk_10
11674 795 383.01411273219287 2.075641532707364

medium_risk_11
27263 1320 585.3178299516205 2.2551850165048015

medium_risk_12
14918 449 432.97242039766246 1.0370175531910717

medium_risk_13
6734 351 290.89850415066536 1.2066064107988888

medium_risk_14
9748 382 349.99568675738453 1.0914420218692602

medium_risk_15
8207 354 321.14203031064886 1.1023160053437004

medium_risk_16
24075 1099 550.0321559151765 1.9980650007114908


#################MELANOMA########################

melanoma_1
12120 665 390.26197847860243 1.7039835717341374

melanoma_10
25298 2014 563.8298003848842 3.571999916686195

melanoma_11
15185 1231 436.8298728098206 2.818030717729626

melanoma_12
27005 906 582.5417053231206 1.5552534551967667

melanoma_13
16607 774 456.82569629199145 1.694300487653126

melanoma_14
14059 607 420.32202472303976 1.4441308432504028

melanoma_15
18246 1189 478.83817540960274 2.4830935816320787

melanoma_16
11590 972 381.63364031545075 2.546945282906832

melanoma_17
14669 1516 429.343790617769 3.5309698966850696

melanoma_18
41412 919 721.3865398535254 1.2739356076516193

melanoma_19
22740 1316 534.5645590296158 2.4618167773578334

melanoma_2
7791 510 312.8970972324165 1.629928831270613

melanoma_20
36309 1745 675.4793487863024 2.583350628165623

melanoma_22
16159 1127 450.62177350570835 2.5009887809731493

melanoma_23
31883 3482 632.9720327926136 5.501032936064711

melanoma_24
58547 2247 857.743143580225 2.619665358817103

melanoma_25
7017 402 296.94818167646406 1.3537715494011469

melanoma_26
15734 750 444.6563563543506 1.6866957804204161